0.56 1.90 1
0.01 0.90 -1
1.07 2.00 1
1.15 1.99 1
0.20 1.60 -1
0.00 0.94 -1
1.00 0.00 1
1.95 0.69 -1
0.20 0.39 -1
1.24 0.03 1
1.98 1.22 -1
0.73 0.04 1
0.59 1.91 1
1.94 0.66 -1
0.18 1.57 -1
1.13 1.99 1
0.93 0.00 1
0.24 0.35 -1
1.87 1.50 -1
0.05 1.32 -1
0.85 0.01 1
0.03 0.76 -1
1.92 0.60 -1
0.11 0.54 -1
0.06 0.65 -1
1.37 0.07 1
1.09 2.00 1
0.11 1.46 -1
1.22 1.97 1
1.25 0.03 1
0.19 1.59 -1
0.31 1.72 1
0.24 0.35 -1
0.72 0.04 1
1.98 0.80 -1
1.49 1.87 1
0.34 0.24 1
1.55 1.83 1
1.96 1.27 -1
1.99 0.85 -1
1.01 2.00 1
0.80 1.98 1
0.13 1.49 -1
1.92 0.60 -1
1.96 0.73 -1
0.81 0.02 1
1.93 0.64 -1
1.30 0.04 1
1.63 0.22 1
1.99 1.10 -1
0.10 1.44 -1
1.72 1.70 -1
1.80 1.60 -1
0.35 0.24 1
1.15 1.99 1
1.50 0.13 1
1.94 1.35 -1
1.11 1.99 1
1.42 0.09 1
1.96 0.73 -1
0.67 0.06 1
0.05 1.32 -1
0.58 1.91 1
1.10 0.00 1
0.89 0.01 1
1.67 1.74 1
0.02 1.20 -1
0.10 0.56 -1
0.97 0.00 1
0.12 1.47 -1
1.30 0.05 1
1.87 0.50 -1
1.19 1.98 1
1.70 0.28 1
1.98 0.80 -1
2.00 0.90 -1
0.39 0.21 1
0.00 0.99 -1
1.58 0.18 1
0.35 0.24 1
1.97 1.25 -1
0.70 1.95 1
1.77 0.36 -1
0.19 0.41 -1
1.79 1.61 -1
0.11 0.55 -1
0.14 1.50 -1
1.93 0.64 -1
1.96 0.73 -1
0.98 2.00 1
1.97 0.74 -1
1.08 2.00 1
1.40 0.08 1
1.87 1.49 -1
0.01 0.85 -1
0.05 1.32 -1
0.70 1.95 1
0.05 0.69 -1
0.37 0.22 1
1.49 0.13 1
2.00 0.94 -1
1.25 1.97 1
0.35 1.76 1
1.98 0.79 -1
1.23 0.03 1
2.00 1.08 -1
1.99 0.88 -1
0.86 1.99 1
1.83 1.56 -1
1.41 1.91 1
1.87 1.49 -1
0.95 2.00 1
0.50 1.87 1
1.29 1.96 1
0.44 0.17 1
1.92 1.40 -1
0.24 1.65 -1
0.21 1.61 -1
0.01 1.15 -1
1.48 0.12 1
0.02 0.81 -1
0.82 0.02 1
0.21 0.39 -1
1.02 0.00 1
1.74 1.67 -1
0.17 1.55 -1
1.84 0.46 -1
1.24 0.03 1
1.40 0.08 1
1.37 1.93 1
0.70 0.05 1
0.68 1.95 1
0.07 1.36 -1
1.99 1.16 -1
1.29 1.96 1
1.77 1.64 -1
0.00 0.94 -1
0.51 1.87 1
0.60 1.92 1
1.70 0.29 1
0.01 1.17 -1
2.00 1.10 -1
0.38 1.78 1
1.58 0.19 1
1.05 2.00 1
0.91 0.00 1
0.92 0.00 1
0.68 0.05 1
2.00 0.96 -1
1.53 1.85 1